#           Club              |  SPI Default  |  SPI Round-Robin  |   Power   |    ATK    |    DEF    |    OFF
1.  	MANCHESTER CITY       |    94.654     |      85.264       |   10.174  |   3.522   |   0.346   |   2.438
2.  	BARCELONA             |    93.159     |      80.845       |   6.986   |   3.601   |   0.515   |   3.712
3.  	BAYERN MUNCHEN        |    90.979     |      76.707       |   5.756   |   3.346   |   0.581   |   3.891
4.  	LIVERPOOL             |    90.083     |      76.165       |   5.939   |   3.081   |   0.519   |   3.198
5.  	REAL MADRID           |    87.953     |      73.993       |   5.797   |   2.708   |   0.467   |   2.531
6.  	ATL MADRID            |    86.194     |      71.884       |   5.447   |   2.510   |   0.461   |   2.313
7.  	CHELSEA               |    86.114     |      71.337       |   5.196   |   2.563   |   0.493   |   2.529
8.  	MANCHESTER UNITED     |    85.887     |      70.262       |   4.793   |   2.652   |   0.553   |   2.934
9.  	LEIPZIG               |    85.217     |      70.123       |   4.960   |   2.494   |   0.503   |   2.508
10.  	PSG                   |    85.430     |      69.702       |   4.710   |   2.607   |   0.553   |   2.886
11.  	DORTMUND              |    85.109     |      68.816       |   4.467   |   2.645   |   0.592   |   3.134
12.  	INTER                 |    85.163     |      68.369       |   4.301   |   2.724   |   0.633   |   3.451
13.  	REAL SOCIEDAD         |    84.135     |      68.462       |   4.607   |   2.445   |   0.531   |   2.596
14.  	ATALANTA              |    84.117     |      66.973       |   4.098   |   2.644   |   0.645   |   3.412
15.  	JUVENTUS              |    82.530     |      65.776       |   4.068   |   2.416   |   0.594   |   2.871
16.  	SEVILLA               |    81.774     |      66.247       |   4.412   |   2.189   |   0.496   |   2.173
17.  	ARSENAL               |    79.553     |      62.937       |   3.805   |   2.131   |   0.560   |   2.387
18.  	TOTTENHAM             |    79.653     |      62.372       |   3.634   |   2.220   |   0.611   |   2.713
19.  	LYON                  |    79.625     |      62.342       |   3.630   |   2.219   |   0.611   |   2.712
20.  	LEICESTER             |    79.426     |      62.260       |   3.641   |   2.188   |   0.601   |   2.629
21.  	NAPOLI                |    79.584     |      61.980       |   3.546   |   2.255   |   0.636   |   2.869
22.  	VILLARREAL            |    78.763     |      61.789       |   3.624   |   2.112   |   0.583   |   2.463
23.  	WEST HAM              |    78.047     |      60.418       |   3.391   |   2.137   |   0.630   |   2.695
24.  	MILAN                 |    78.534     |      59.735       |   3.189   |   2.323   |   0.728   |   3.385
25.  	WOLFSBURG             |    77.511     |      60.359       |   3.450   |   2.042   |   0.592   |   2.416
26.  	EINTRACHT FRANKFURT   |    78.116     |      59.378       |   3.164   |   2.282   |   0.721   |   3.292
27.  	BAYER LEVERKUSEN      |    76.879     |      59.188       |   3.263   |   2.061   |   0.632   |   2.604
28.  	ROMA                  |    77.296     |      58.491       |   3.079   |   2.229   |   0.724   |   3.227
29.  	ASTON VILLA           |    76.622     |      58.838       |   3.219   |   2.055   |   0.638   |   2.624
30.  	LILLE                 |    75.296     |      58.774       |   3.373   |   1.827   |   0.542   |   1.980
31.  	ATL BILBAO            |    75.085     |      57.668       |   3.147   |   1.914   |   0.608   |   2.327
32.  	MONCHENGLADBACH       |    75.868     |      57.059       |   2.953   |   2.130   |   0.721   |   3.072
33.  	BETIS                 |    75.160     |      56.832       |   2.975   |   2.025   |   0.681   |   2.756
34.  	LEEDS                 |    75.572     |      56.124       |   2.822   |   2.191   |   0.777   |   3.403
35.  	PORTO                 |    74.831     |      56.385       |   2.924   |   2.018   |   0.690   |   2.786
36.  	MONACO                |    75.352     |      55.949       |   2.811   |   2.171   |   0.772   |   3.353
37.  	BRIGHTON              |    74.305     |      56.687       |   3.030   |   1.890   |   0.624   |   2.359
38.  	EVERTON               |    74.359     |      56.272       |   2.946   |   1.947   |   0.661   |   2.575
39.  	BENFICA               |    72.842     |      55.047       |   2.858   |   1.829   |   0.640   |   2.340
40.  	SPORTING              |    71.613     |      54.275       |   2.824   |   1.716   |   0.608   |   2.085
41.  	LAZIO                 |    72.465     |      53.520       |   2.638   |   1.942   |   0.736   |   2.860
42.  	CELTA                 |    71.627     |      53.041       |   2.620   |   1.856   |   0.708   |   2.630
43.  	SOUTHAMPTON           |    71.477     |      52.995       |   2.623   |   1.836   |   0.700   |   2.572
44.  	HOFFENHEIM            |    72.178     |      52.381       |   2.499   |   2.032   |   0.813   |   3.306
45.  	WOLVERHAMPTON         |    70.417     |      52.979       |   2.693   |   1.670   |   0.620   |   2.071
46.  	FLAMENGO              |    71.436     |      51.730       |   2.452   |   1.982   |   0.808   |   3.203
47.  	STUTTGART             |    71.076     |      50.803       |   2.358   |   2.036   |   0.864   |   3.516
48.  	LEVANTE               |    70.056     |      50.792       |   2.399   |   1.860   |   0.775   |   2.884
49.  	UNION BERLIN          |    68.552     |      50.328       |   2.411   |   1.673   |   0.694   |   2.323
50.  	FREIBURG              |    68.312     |      48.950       |   2.253   |   1.795   |   0.796   |   2.859
51.  	EIBAR                 |    66.860     |      49.492       |   2.383   |   1.515   |   0.636   |   1.926
52.  	OSASUNA               |    66.995     |      48.965       |   2.307   |   1.590   |   0.689   |   2.192
53.  	VALENCIA              |    66.624     |      47.639       |   2.167   |   1.683   |   0.777   |   2.614
54.  	GRANADA               |    66.301     |      47.150       |   2.126   |   1.690   |   0.795   |   2.688
55.  	GETAFE                |    64.730     |      48.042       |   2.290   |   1.372   |   0.599   |   1.645
56.  	FULHAM                |    64.969     |      47.298       |   2.186   |   1.479   |   0.677   |   2.002
57.  	BRAGA                 |    65.595     |      46.267       |   2.057   |   1.686   |   0.819   |   2.762
58.  	HERTHA BERLIN         |    65.227     |      46.496       |   2.090   |   1.603   |   0.767   |   2.461
59.  	SASSUOLO              |    66.010     |      45.580       |   1.987   |   1.838   |   0.925   |   3.399
60.  	ATLETICO-MG           |    64.981     |      45.440       |   1.995   |   1.690   |   0.847   |   2.863
61.  	LENS                  |    64.518     |      45.625       |   2.022   |   1.598   |   0.790   |   2.526
62.  	RENNES                |    63.736     |      45.992       |   2.080   |   1.446   |   0.696   |   2.012
63.  	ALAVES                |    63.497     |      45.437       |   2.028   |   1.473   |   0.726   |   2.138
64.  	MARSEILLE             |    63.292     |      45.003       |   1.991   |   1.491   |   0.749   |   2.234
65.  	BURNLEY               |    62.705     |      45.125       |   2.017   |   1.398   |   0.693   |   1.937
66.  	CRYSTAL PALACE        |    63.110     |      44.368       |   1.936   |   1.536   |   0.794   |   2.438
67.  	INTERNACIONAL         |    62.606     |      44.170       |   1.928   |   1.487   |   0.771   |   2.293
68.  	WERDER BREMEN         |    62.621     |      44.113       |   1.922   |   1.495   |   0.778   |   2.326
69.  	FIORENTINA            |    62.133     |      43.565       |   1.883   |   1.488   |   0.790   |   2.351
70.  	STRASBOURG            |    62.071     |      43.023       |   1.839   |   1.541   |   0.838   |   2.583
71.  	NEWCASTLE             |    61.799     |      43.051       |   1.845   |   1.499   |   0.812   |   2.435
72.  	SAO PAULO             |    61.750     |      43.001       |   1.842   |   1.498   |   0.813   |   2.436
73.  	HUESCA                |    61.031     |      42.780       |   1.834   |   1.422   |   0.776   |   2.206
74.  	UDINESE               |    60.889     |      42.746       |   1.833   |   1.407   |   0.768   |   2.159
75.  	GREMIO                |    60.743     |      42.079       |   1.782   |   1.461   |   0.820   |   2.397
76.  	HELLAS VERONA         |    60.402     |      41.797       |   1.764   |   1.446   |   0.820   |   2.370
77.  	PALMEIRAS             |    59.924     |      41.755       |   1.765   |   1.385   |   0.785   |   2.173
78.  	TORINO                |    60.660     |      41.243       |   1.722   |   1.548   |   0.899   |   2.783
79.  	MONTPELLIER           |    61.026     |      40.641       |   1.681   |   1.681   |   1.000   |   3.360
80.  	CADIZ                 |    59.143     |      41.375       |   1.744   |   1.323   |   0.759   |   2.007
81.  	MAINZ                 |    60.063     |      40.724       |   1.691   |   1.524   |   0.901   |   2.748
82.  	SHEFFIELD UNITED      |    58.924     |      41.234       |   1.735   |   1.309   |   0.755   |   1.976
83.  	ST ETIENNE            |    58.963     |      40.666       |   1.693   |   1.376   |   0.813   |   2.238
84.  	BOLOGNA               |    59.187     |      39.876       |   1.640   |   1.500   |   0.915   |   2.746
85.  	VALLADOLID            |    58.477     |      40.314       |   1.671   |   1.350   |   0.808   |   2.183
86.  	AUGSBURG              |    58.114     |      39.753       |   1.635   |   1.365   |   0.835   |   2.279
87.  	METZ                  |    57.629     |      39.999       |   1.653   |   1.274   |   0.771   |   1.963
88.  	BORDEAUX              |    57.452     |      39.812       |   1.641   |   1.271   |   0.775   |   1.970
89.  	SAMPDORIA             |    58.229     |      39.140       |   1.597   |   1.453   |   0.910   |   2.644
90.  	KOLN                  |    57.807     |      39.060       |   1.592   |   1.403   |   0.881   |   2.474
91.  	BREST                 |    58.253     |      38.070       |   1.538   |   1.594   |   1.036   |   3.303
92.  	BRAGANTINO            |    57.262     |      38.694       |   1.570   |   1.371   |   0.873   |   2.394
93.  	ANGERS                |    57.046     |      38.809       |   1.577   |   1.329   |   0.842   |   2.239
94.  	REIMS                 |    56.942     |      38.857       |   1.580   |   1.310   |   0.829   |   2.171
95.  	NICE                  |    57.360     |      38.381       |   1.553   |   1.422   |   0.916   |   2.606
96.  	SPEZIA                |    55.417     |      36.540       |   1.449   |   1.376   |   0.949   |   2.613
97.  	FLUMINENSE            |    54.770     |      36.508       |   1.444   |   1.292   |   0.894   |   2.311
98.  	ELCHE                 |    53.997     |      36.175       |   1.423   |   1.229   |   0.864   |   2.123
99.  	CAGLIARI              |    54.433     |      35.609       |   1.400   |   1.355   |   0.968   |   2.624
100.  	ARMINIA               |    53.895     |      35.883       |   1.408   |   1.249   |   0.887   |   2.217
101.  	GENOA                 |    54.003     |      35.661       |   1.398   |   1.290   |   0.922   |   2.379
102.  	WEST BROM             |    53.789     |      35.285       |   1.380   |   1.307   |   0.947   |   2.474
103.  	NANTES                |    53.645     |      35.343       |   1.381   |   1.280   |   0.927   |   2.372
104.  	LORIENT               |    52.995     |      34.081       |   1.323   |   1.349   |   1.020   |   2.751
105.  	ATHLETICO-PR          |    51.753     |      34.556       |   1.328   |   1.128   |   0.849   |   1.915
106.  	VITORIA DE GUIMARAES  |    51.825     |      33.714       |   1.295   |   1.235   |   0.954   |   2.355
107.  	CEARA                 |    52.080     |      33.500       |   1.290   |   1.296   |   1.005   |   2.605
108.  	SANTOS                |    51.765     |      33.232       |   1.277   |   1.287   |   1.008   |   2.596
109.  	PACOS DE FERREIRA     |    51.240     |      33.346       |   1.274   |   1.203   |   0.944   |   2.270
110.  	BENEVENTO             |    51.261     |      32.779       |   1.254   |   1.276   |   1.018   |   2.598
111.  	CORINTHIANS           |    50.672     |      32.663       |   1.242   |   1.211   |   0.975   |   2.363
112.  	PARMA                 |    49.594     |      31.180       |   1.180   |   1.257   |   1.065   |   2.677
113.  	SCHALKE 04            |    49.110     |      30.681       |   1.158   |   1.257   |   1.085   |   2.727
114.  	NIMES                 |    48.778     |      30.498       |   1.148   |   1.235   |   1.076   |   2.659
115.  	BAHIA                 |    48.012     |      29.608       |   1.112   |   1.251   |   1.125   |   2.813
116.  	RIO AVE               |    46.327     |      29.489       |   1.075   |   1.041   |   0.969   |   2.017
117.  	FORTALEZA             |    46.126     |      29.393       |   1.069   |   1.028   |   0.962   |   1.977
118.  	PORTIMONENSE          |    45.404     |      28.488       |   1.034   |   1.049   |   1.014   |   2.127
119.  	SANTA CLARA           |    45.146     |      28.041       |   1.021   |   1.073   |   1.051   |   2.256
120.  	ATLETICO-GO           |    44.960     |      28.037       |   1.016   |   1.049   |   1.033   |   2.167
121.  	CROTONE               |    45.415     |      27.653       |   1.021   |   1.163   |   1.139   |   2.650
122.  	DIJON                 |    44.621     |      27.872       |   1.005   |   1.027   |   1.022   |   2.098
123.  	FAMALICAO             |    42.708     |      26.233       |   0.935   |   0.994   |   1.064   |   2.115
124.  	GIL VICENTE           |    42.047     |      25.851       |   0.913   |   0.960   |   1.051   |   2.018
125.  	BOAVISTA              |    42.137     |      25.745       |   0.915   |   0.986   |   1.078   |   2.124
126.  	MOREIRENSE            |    41.186     |      25.080       |   0.883   |   0.952   |   1.078   |   2.054
127.  	FARENSE               |    41.299     |      24.627       |   0.884   |   1.031   |   1.166   |   2.404
128.  	VASCO                 |    41.128     |      24.609       |   0.879   |   1.010   |   1.150   |   2.322
129.  	MARITIMO              |    40.625     |      24.708       |   0.864   |   0.930   |   1.076   |   2.001
130.  	BELENENSES            |    39.888     |      25.136       |   0.843   |   0.788   |   0.934   |   1.472
131.  	BOTAFOGO              |    40.623     |      23.792       |   0.861   |   1.062   |   1.234   |   2.621
132.  	GOIAS                 |    39.856     |      23.092       |   0.838   |   1.063   |   1.269   |   2.698
133.  	TONDELA               |    38.943     |      22.627       |   0.810   |   1.006   |   1.242   |   2.498
134.  	SPORT                 |    38.150     |      22.619       |   0.785   |   0.898   |   1.145   |   2.058
135.  	CORITIBA              |    37.599     |      22.044       |   0.768   |   0.909   |   1.183   |   2.152
136.  	NACIONAL              |    36.810     |      21.274       |   0.746   |   0.919   |   1.232   |   2.265

============================================================================================================================

#           Club              |  SPI Default  |  SPI Round-Robin  |   Power   |    ATK    |    DEF    |    OFF
1.  	FLAMENGO              |    71.436     |      65.033       |   2.452   |   1.982   |   0.808   |   3.203
2.  	ATLETICO-MG           |    64.981     |      58.357       |   1.995   |   1.690   |   0.847   |   2.863
3.  	INTERNACIONAL         |    62.606     |      56.353       |   1.928   |   1.487   |   0.771   |   2.293
4.  	SAO PAULO             |    61.750     |      55.319       |   1.842   |   1.498   |   0.813   |   2.436
5.  	GREMIO                |    60.743     |      54.300       |   1.782   |   1.461   |   0.820   |   2.397
6.  	PALMEIRAS             |    59.924     |      53.661       |   1.765   |   1.385   |   0.785   |   2.173
7.  	BRAGANTINO            |    57.262     |      50.685       |   1.570   |   1.371   |   0.873   |   2.394
8.  	FLUMINENSE            |    54.770     |      48.200       |   1.444   |   1.292   |   0.894   |   2.311
9.  	ATHLETICO-PR          |    51.753     |      45.511       |   1.328   |   1.128   |   0.849   |   1.915
10.  	CEARA                 |    52.080     |      45.207       |   1.290   |   1.296   |   1.005   |   2.605
11.  	SANTOS                |    51.765     |      44.896       |   1.277   |   1.287   |   1.008   |   2.596
12.  	CORINTHIANS           |    50.672     |      43.987       |   1.242   |   1.211   |   0.975   |   2.363
13.  	BAHIA                 |    48.012     |      40.970       |   1.112   |   1.251   |   1.125   |   2.813
14.  	FORTALEZA             |    46.126     |      39.780       |   1.069   |   1.028   |   0.962   |   1.977
15.  	ATLETICO-GO           |    44.960     |      38.450       |   1.016   |   1.049   |   1.033   |   2.167
16.  	VASCO                 |    41.128     |      34.567       |   0.879   |   1.010   |   1.150   |   2.322
17.  	BOTAFOGO              |    40.623     |      33.868       |   0.861   |   1.062   |   1.234   |   2.621
18.  	GOIAS                 |    39.856     |      33.081       |   0.838   |   1.063   |   1.269   |   2.698
19.  	SPORT                 |    38.150     |      31.886       |   0.785   |   0.898   |   1.145   |   2.058
20.  	CORITIBA              |    37.599     |      31.285       |   0.768   |   0.909   |   1.183   |   2.152

============================================================================================================================

#           Club              |  SPI Default  |  SPI Round-Robin  |   Power   |    ATK    |    DEF    |    OFF
1.  	MANCHESTER CITY       |    94.654     |      77.334       |   10.174  |   3.522   |   0.346   |   2.438
2.  	LIVERPOOL             |    90.083     |      65.407       |   5.939   |   3.081   |   0.519   |   3.198
3.  	CHELSEA               |    86.114     |      60.328       |   5.196   |   2.563   |   0.493   |   2.529
4.  	MANCHESTER UNITED     |    85.887     |      58.735       |   4.793   |   2.652   |   0.553   |   2.934
5.  	ARSENAL               |    79.553     |      51.259       |   3.805   |   2.131   |   0.560   |   2.387
6.  	TOTTENHAM             |    79.653     |      50.305       |   3.634   |   2.220   |   0.611   |   2.713
7.  	LEICESTER             |    79.426     |      50.274       |   3.641   |   2.188   |   0.601   |   2.629
8.  	WEST HAM              |    78.047     |      48.267       |   3.391   |   2.137   |   0.630   |   2.695
9.  	ASTON VILLA           |    76.622     |      46.702       |   3.219   |   2.055   |   0.638   |   2.624
10.  	BRIGHTON              |    74.305     |      44.802       |   3.030   |   1.890   |   0.624   |   2.359
11.  	EVERTON               |    74.359     |      44.130       |   2.946   |   1.947   |   0.661   |   2.575
12.  	LEEDS                 |    75.572     |      43.163       |   2.822   |   2.191   |   0.777   |   3.403
13.  	WOLVERHAMPTON         |    70.417     |      41.453       |   2.693   |   1.670   |   0.620   |   2.071
14.  	SOUTHAMPTON           |    71.477     |      40.850       |   2.623   |   1.836   |   0.700   |   2.572
15.  	FULHAM                |    64.969     |      36.028       |   2.186   |   1.479   |   0.677   |   2.002
16.  	BURNLEY               |    62.705     |      34.059       |   2.017   |   1.398   |   0.693   |   1.937
17.  	CRYSTAL PALACE        |    63.110     |      32.713       |   1.936   |   1.536   |   0.794   |   2.438
18.  	NEWCASTLE             |    61.799     |      31.494       |   1.845   |   1.499   |   0.812   |   2.435
19.  	SHEFFIELD UNITED      |    58.924     |      30.391       |   1.735   |   1.309   |   0.755   |   1.976
20.  	WEST BROM             |    53.789     |      24.486       |   1.380   |   1.307   |   0.947   |   2.474

============================================================================================================================

#           Club              |  SPI Default  |  SPI Round-Robin  |   Power   |    ATK    |    DEF    |    OFF
1.  	BAYERN MUNCHEN        |    90.979     |      72.410       |   5.756   |   3.346   |   0.581   |   3.891
2.  	LEIPZIG               |    85.217     |      65.461       |   4.960   |   2.494   |   0.503   |   2.508
3.  	DORTMUND              |    85.109     |      63.732       |   4.467   |   2.645   |   0.592   |   3.134
4.  	WOLFSBURG             |    77.511     |      54.878       |   3.450   |   2.042   |   0.592   |   2.416
5.  	BAYER LEVERKUSEN      |    76.879     |      53.511       |   3.263   |   2.061   |   0.632   |   2.604
6.  	EINTRACHT FRANKFURT   |    78.116     |      53.353       |   3.164   |   2.282   |   0.721   |   3.292
7.  	MONCHENGLADBACH       |    75.868     |      50.984       |   2.953   |   2.130   |   0.721   |   3.072
8.  	HOFFENHEIM            |    72.178     |      45.930       |   2.499   |   2.032   |   0.813   |   3.306
9.  	UNION BERLIN          |    68.552     |      44.378       |   2.411   |   1.673   |   0.694   |   2.323
10.  	STUTTGART             |    71.076     |      44.181       |   2.358   |   2.036   |   0.864   |   3.516
11.  	FREIBURG              |    68.312     |      42.614       |   2.253   |   1.795   |   0.796   |   2.859
12.  	HERTHA BERLIN         |    65.227     |      40.348       |   2.090   |   1.603   |   0.767   |   2.461
13.  	WERDER BREMEN         |    62.621     |      38.022       |   1.922   |   1.495   |   0.778   |   2.326
14.  	MAINZ                 |    60.063     |      34.347       |   1.691   |   1.524   |   0.901   |   2.748
15.  	AUGSBURG              |    58.114     |      33.690       |   1.635   |   1.365   |   0.835   |   2.279
16.  	KOLN                  |    57.807     |      32.870       |   1.592   |   1.403   |   0.881   |   2.474
17.  	ARMINIA               |    53.895     |      29.925       |   1.408   |   1.249   |   0.887   |   2.217
18.  	SCHALKE 04            |    49.110     |      24.603       |   1.158   |   1.257   |   1.085   |   2.727

============================================================================================================================

#           Club              |  SPI Default  |  SPI Round-Robin  |   Power   |    ATK    |    DEF    |    OFF
1.  	PORTO                 |    74.831     |      70.169       |   2.924   |   2.018   |   0.690   |   2.786
2.  	BENFICA               |    72.842     |      68.391       |   2.858   |   1.829   |   0.640   |   2.340
3.  	SPORTING              |    71.613     |      67.306       |   2.824   |   1.716   |   0.608   |   2.085
4.  	BRAGA                 |    65.595     |      60.725       |   2.057   |   1.686   |   0.819   |   2.762
5.  	VITORIA DE GUIMARAES  |    51.825     |      47.274       |   1.295   |   1.235   |   0.954   |   2.355
6.  	PACOS DE FERREIRA     |    51.240     |      46.746       |   1.274   |   1.203   |   0.944   |   2.270
7.  	RIO AVE               |    46.327     |      42.094       |   1.075   |   1.041   |   0.969   |   2.017
8.  	PORTIMONENSE          |    45.404     |      41.144       |   1.034   |   1.049   |   1.014   |   2.127
9.  	SANTA CLARA           |    45.146     |      40.835       |   1.021   |   1.073   |   1.051   |   2.256
10.  	FAMALICAO             |    42.708     |      38.551       |   0.935   |   0.994   |   1.064   |   2.115
11.  	BOAVISTA              |    42.137     |      37.999       |   0.915   |   0.986   |   1.078   |   2.124
12.  	GIL VICENTE           |    42.047     |      37.959       |   0.913   |   0.960   |   1.051   |   2.018
13.  	MOREIRENSE            |    41.186     |      37.117       |   0.883   |   0.952   |   1.078   |   2.054
14.  	FARENSE               |    41.299     |      37.085       |   0.884   |   1.031   |   1.166   |   2.404
15.  	MARITIMO              |    40.625     |      36.602       |   0.864   |   0.930   |   1.076   |   2.001
16.  	BELENENSES            |    39.888     |      36.162       |   0.843   |   0.788   |   0.934   |   1.472
17.  	TONDELA               |    38.943     |      34.814       |   0.810   |   1.006   |   1.242   |   2.498
18.  	NACIONAL              |    36.810     |      32.872       |   0.746   |   0.919   |   1.232   |   2.265

============================================================================================================================

#           Club              |  SPI Default  |  SPI Round-Robin  |   Power   |    ATK    |    DEF    |    OFF
1.  	BARCELONA             |    93.159     |      73.065       |   6.986   |   3.601   |   0.515   |   3.712
2.  	REAL MADRID           |    87.953     |      65.563       |   5.797   |   2.708   |   0.467   |   2.531
3.  	ATL MADRID            |    86.194     |      63.351       |   5.447   |   2.510   |   0.461   |   2.313
4.  	REAL SOCIEDAD         |    84.135     |      59.384       |   4.607   |   2.445   |   0.531   |   2.596
5.  	SEVILLA               |    81.774     |      57.333       |   4.412   |   2.189   |   0.496   |   2.173
6.  	VILLARREAL            |    78.763     |      52.383       |   3.624   |   2.112   |   0.583   |   2.463
7.  	ATL BILBAO            |    75.085     |      48.261       |   3.147   |   1.914   |   0.608   |   2.327
8.  	BETIS                 |    75.160     |      47.047       |   2.975   |   2.025   |   0.681   |   2.756
9.  	CELTA                 |    71.627     |      43.347       |   2.620   |   1.856   |   0.708   |   2.630
10.  	LEVANTE               |    70.056     |      40.922       |   2.399   |   1.860   |   0.775   |   2.884
11.  	EIBAR                 |    66.860     |      40.548       |   2.383   |   1.515   |   0.636   |   1.926
12.  	OSASUNA               |    66.995     |      39.756       |   2.307   |   1.590   |   0.689   |   2.192
13.  	GETAFE                |    64.730     |      39.485       |   2.290   |   1.372   |   0.599   |   1.645
14.  	VALENCIA              |    66.624     |      38.083       |   2.167   |   1.683   |   0.777   |   2.614
15.  	GRANADA               |    66.301     |      37.550       |   2.126   |   1.690   |   0.795   |   2.688
16.  	ALAVES                |    63.497     |      36.422       |   2.028   |   1.473   |   0.726   |   2.138
17.  	HUESCA                |    61.031     |      33.844       |   1.834   |   1.422   |   0.776   |   2.206
18.  	CADIZ                 |    59.143     |      32.736       |   1.744   |   1.323   |   0.759   |   2.007
19.  	VALLADOLID            |    58.477     |      31.570       |   1.671   |   1.350   |   0.808   |   2.183
20.  	ELCHE                 |    53.997     |      27.840       |   1.423   |   1.229   |   0.864   |   2.123

============================================================================================================================

#           Club              |  SPI Default  |  SPI Round-Robin  |   Power   |    ATK    |    DEF    |    OFF
1.  	INTER                 |    85.163     |      68.898       |   4.301   |   2.724   |   0.633   |   3.451
2.  	ATALANTA              |    84.117     |      67.434       |   4.098   |   2.644   |   0.645   |   3.412
3.  	JUVENTUS              |    82.530     |      66.191       |   4.068   |   2.416   |   0.594   |   2.871
4.  	NAPOLI                |    79.584     |      62.207       |   3.546   |   2.255   |   0.636   |   2.869
5.  	MILAN                 |    78.534     |      59.825       |   3.189   |   2.323   |   0.728   |   3.385
6.  	ROMA                  |    77.296     |      58.523       |   3.079   |   2.229   |   0.724   |   3.227
7.  	LAZIO                 |    72.465     |      53.316       |   2.638   |   1.942   |   0.736   |   2.860
8.  	SASSUOLO              |    66.010     |      44.931       |   1.987   |   1.838   |   0.925   |   3.399
9.  	FIORENTINA            |    62.133     |      42.930       |   1.883   |   1.488   |   0.790   |   2.351
10.  	UDINESE               |    60.889     |      42.099       |   1.833   |   1.407   |   0.768   |   2.159
11.  	HELLAS VERONA         |    60.402     |      41.079       |   1.764   |   1.446   |   0.820   |   2.370
12.  	TORINO                |    60.660     |      40.452       |   1.722   |   1.548   |   0.899   |   2.783
13.  	BOLOGNA               |    59.187     |      39.029       |   1.640   |   1.500   |   0.915   |   2.746
14.  	SAMPDORIA             |    58.229     |      38.273       |   1.597   |   1.453   |   0.910   |   2.644
15.  	SPEZIA                |    55.417     |      35.570       |   1.449   |   1.376   |   0.949   |   2.613
16.  	GENOA                 |    54.003     |      34.689       |   1.398   |   1.290   |   0.922   |   2.379
17.  	CAGLIARI              |    54.433     |      34.603       |   1.400   |   1.355   |   0.968   |   2.624
18.  	BENEVENTO             |    51.261     |      31.672       |   1.254   |   1.276   |   1.018   |   2.598
19.  	PARMA                 |    49.594     |      30.009       |   1.180   |   1.257   |   1.065   |   2.677
20.  	CROTONE               |    45.415     |      26.382       |   1.021   |   1.163   |   1.139   |   2.650

============================================================================================================================

#           Club              |  SPI Default  |  SPI Round-Robin  |   Power   |    ATK    |    DEF    |    OFF
1.  	PSG                   |    85.430     |      72.365       |   4.710   |   2.607   |   0.553   |   2.886
2.  	LYON                  |    79.625     |      64.929       |   3.630   |   2.219   |   0.611   |   2.712
3.  	LILLE                 |    75.296     |      61.080       |   3.373   |   1.827   |   0.542   |   1.980
4.  	MONACO                |    75.352     |      58.580       |   2.811   |   2.171   |   0.772   |   3.353
5.  	RENNES                |    63.736     |      48.000       |   2.080   |   1.446   |   0.696   |   2.012
6.  	LENS                  |    64.518     |      47.734       |   2.022   |   1.598   |   0.790   |   2.526
7.  	MARSEILLE             |    63.292     |      47.028       |   1.991   |   1.491   |   0.749   |   2.234
8.  	STRASBOURG            |    62.071     |      45.037       |   1.839   |   1.541   |   0.838   |   2.583
9.  	MONTPELLIER           |    61.026     |      42.652       |   1.681   |   1.681   |   1.000   |   3.360
10.  	ST ETIENNE            |    58.963     |      42.520       |   1.693   |   1.376   |   0.813   |   2.238
11.  	METZ                  |    57.629     |      41.775       |   1.653   |   1.274   |   0.771   |   1.963
12.  	BORDEAUX              |    57.452     |      41.581       |   1.641   |   1.271   |   0.775   |   1.970
13.  	REIMS                 |    56.942     |      40.621       |   1.580   |   1.310   |   0.829   |   2.171
14.  	ANGERS                |    57.046     |      40.582       |   1.577   |   1.329   |   0.842   |   2.239
15.  	NICE                  |    57.360     |      40.185       |   1.553   |   1.422   |   0.916   |   2.606
16.  	BREST                 |    58.253     |      39.936       |   1.538   |   1.594   |   1.036   |   3.303
17.  	NANTES                |    53.645     |      36.969       |   1.381   |   1.280   |   0.927   |   2.372
18.  	LORIENT               |    52.995     |      35.676       |   1.323   |   1.349   |   1.020   |   2.751
19.  	NIMES                 |    48.778     |      31.883       |   1.148   |   1.235   |   1.076   |   2.659
20.  	DIJON                 |    44.621     |      29.082       |   1.005   |   1.027   |   1.022   |   2.098
